@00000000
6F 00 90 14 13 01 01 FE 23 2E 81 00 13 04 01 02 
B7 87 00 00 93 87 87 20 23 26 F4 FE 83 27 C4 FE 
83 A7 07 00 13 85 07 00 03 24 C1 01 13 01 01 02 
67 80 00 00 13 01 01 FE 23 2E 81 00 13 04 01 02 
B7 87 00 00 93 87 07 20 23 26 F4 FE 83 27 C4 FE 
83 A7 07 00 13 85 07 00 03 24 C1 01 13 01 01 02 
67 80 00 00 13 01 01 FD 23 26 81 02 13 04 01 03 
23 2E A4 FC B7 87 00 00 93 87 47 20 23 26 F4 FE 
83 27 C4 FE 03 27 C4 FD 23 A0 E7 00 13 00 00 00 
03 24 C1 02 13 01 01 03 67 80 00 00 13 01 01 FD 
23 26 81 02 13 04 01 03 23 2E A4 FC B7 87 00 00 
93 87 47 20 23 26 F4 FE 83 27 C4 FD 13 D7 87 41 
83 27 C4 FE 23 A0 E7 00 83 27 C4 FD 13 D7 07 41 
83 27 C4 FE 23 A0 E7 00 83 27 C4 FD 13 D7 87 40 
83 27 C4 FE 23 A0 E7 00 83 27 C4 FE 03 27 C4 FD 
23 A0 E7 00 13 00 00 00 03 24 C1 02 13 01 01 03 
67 80 00 00 13 01 01 FE 23 2E 81 00 13 04 01 02 
B7 87 00 00 93 87 C7 20 23 26 F4 FE 83 27 C4 FE 
83 A7 07 00 13 85 07 00 03 24 C1 01 13 01 01 02 
67 80 00 00 13 01 01 FD 23 26 81 02 13 04 01 03 
23 2E A4 FC 23 2C B4 FC 23 2A C4 FC 23 28 D4 FC 
83 27 44 FD 23 26 F4 FE 6F 00 00 04 03 27 C4 FE 
83 27 44 FD B3 07 F7 40 93 97 27 00 03 27 C4 FD 
33 07 F7 00 83 27 C4 FE 93 97 27 00 83 26 84 FD 
B3 87 F6 00 03 27 07 00 23 A0 E7 00 83 27 C4 FE 
93 87 17 00 23 26 F4 FE 03 27 C4 FE 83 27 04 FD 
E3 DE E7 FA 13 00 00 00 03 24 C1 02 13 01 01 03 
67 80 00 00 13 01 01 FD 23 26 81 02 13 04 01 03 
23 2E A4 FC 03 27 C4 FD 93 07 07 00 93 97 57 00 
B3 87 E7 40 93 97 27 00 B3 87 E7 40 93 97 27 00 
B3 87 E7 40 93 97 17 00 23 24 F4 FE 23 26 04 FE 
6F 00 00 01 83 27 C4 FE 93 87 17 00 23 26 F4 FE 
03 27 C4 FE 83 27 84 FE E3 46 F7 FE 13 00 00 00 
03 24 C1 02 13 01 01 03 67 80 00 00 13 01 01 FD 
23 26 81 02 13 04 01 03 23 2E A4 FC 83 27 C4 FD 
93 97 17 00 23 24 F4 FE 23 26 04 FE 6F 00 00 01 
83 27 C4 FE 93 87 17 00 23 26 F4 FE 03 27 C4 FE 
83 27 84 FE E3 46 F7 FE 13 00 00 00 03 24 C1 02 
13 01 01 03 67 80 00 00 13 01 01 FD 23 26 81 02 
13 04 01 03 23 2E A4 FC 23 26 04 FE 6F 00 00 01 
83 27 C4 FE 93 87 17 00 23 26 F4 FE 03 27 C4 FE 
83 27 C4 FD E3 46 F7 FE 13 00 00 00 03 24 C1 02 
13 01 01 03 67 80 00 00 13 01 01 FD 23 26 81 02 
13 04 01 03 23 2E A4 FC B7 87 00 00 93 87 07 30 
23 26 F4 FE 83 27 C4 FE 03 27 C4 FD 23 A0 E7 00 
13 00 00 00 03 24 C1 02 13 01 01 03 67 80 00 00 
13 01 01 FD 23 26 81 02 13 04 01 03 23 2E A4 FC 
23 2C B4 FC 23 2A C4 FC 03 27 C4 FD 93 07 10 00 
63 18 F7 00 B7 87 00 00 23 26 F4 FE 6F 00 00 01 
B7 87 00 00 93 87 07 10 23 26 F4 FE B7 17 A0 A0 
93 87 87 B0 23 22 F4 FE 83 27 44 FE 13 07 00 04 
23 A0 E7 00 83 27 44 FD 93 D7 27 00 23 20 F4 FE 
23 24 04 FE 6F 00 00 06 03 27 84 FE 83 27 04 FE 
63 14 F7 02 83 27 84 FE 93 97 27 00 03 27 84 FD 
B3 07 F7 00 83 A7 07 00 13 87 07 00 83 27 44 FE 
23 A0 E7 00 6F 00 40 02 83 27 84 FE 93 97 27 00 
03 27 84 FD B3 07 F7 00 83 A7 07 00 13 87 07 00 
83 27 C4 FE 23 A0 E7 00 83 27 84 FE 93 87 17 00 
23 24 F4 FE 03 27 84 FE 83 27 04 FE E3 DE E7 F8 
13 00 00 00 03 24 C1 02 13 01 01 03 67 80 00 00 
13 01 01 FC 23 2E 81 02 13 04 01 04 23 26 A4 FC 
23 24 B4 FC 03 27 C4 FC 93 07 10 00 63 1A F7 00 
B7 87 00 00 93 87 87 00 23 26 F4 FE 6F 00 00 01 
B7 87 00 00 93 87 87 10 23 26 F4 FE B7 17 A0 A0 
93 87 87 B0 23 22 F4 FE 83 27 44 FE 83 A7 07 00 
23 20 F4 FE 23 24 04 FE 83 27 C4 FE 83 A7 07 00 
23 2E F4 FC 03 27 C4 FD B7 17 A0 A0 93 87 87 B0 
63 06 F7 02 83 27 84 FE 93 97 27 00 03 27 84 FC 
B3 07 F7 00 03 27 C4 FD 23 A0 E7 00 83 27 84 FE 
93 87 17 00 23 24 F4 FE 6F F0 1F FC 13 00 00 00 
03 24 C1 03 13 01 01 04 67 80 00 00 13 01 01 FD 
23 26 81 02 13 04 01 03 23 2E A4 FC 03 27 C4 FD 
93 07 10 00 63 1A F7 00 B7 87 00 00 93 87 47 00 
23 26 F4 FE 6F 00 00 01 B7 87 00 00 93 87 47 10 
23 26 F4 FE 83 27 C4 FE 83 A7 07 00 93 F7 F7 0F 
13 85 07 00 03 24 C1 02 13 01 01 03 67 80 00 00 
13 01 01 FD 23 26 81 02 13 04 01 03 23 2E A4 FC 
03 27 C4 FD 93 07 10 00 63 1A F7 00 B7 87 00 00 
93 87 07 01 23 26 F4 FE 6F 00 00 01 B7 87 00 00 
93 87 07 11 23 26 F4 FE 83 27 C4 FE 83 A7 07 00 
13 85 07 00 03 24 C1 02 13 01 01 03 67 80 00 00 
13 01 01 FD 23 26 81 02 13 04 01 03 23 2E A4 FC 
03 27 C4 FD 93 07 10 00 63 1A F7 00 B7 87 00 00 
93 87 47 01 23 26 F4 FE 6F 00 00 01 B7 87 00 00 
93 87 47 11 23 26 F4 FE 83 27 C4 FE 83 A7 07 00 
13 85 07 00 03 24 C1 02 13 01 01 03 67 80 00 00 
13 01 01 FD 23 26 81 02 13 04 01 03 23 2E A4 FC 
03 27 C4 FD 93 07 10 00 63 1A F7 00 B7 87 00 00 
93 87 C7 00 23 26 F4 FE 6F 00 00 01 B7 87 00 00 
93 87 C7 10 23 26 F4 FE 83 27 C4 FE 83 A7 07 00 
93 F7 F7 0F 13 85 07 00 03 24 C1 02 13 01 01 03 
67 80 00 00 13 01 01 FD 23 26 81 02 13 04 01 03 
23 2E A4 FC 23 2C B4 FC 03 27 C4 FD 93 07 10 00 
63 1A F7 00 B7 87 00 00 93 87 87 02 23 26 F4 FE 
6F 00 00 01 B7 87 00 00 93 87 87 12 23 26 F4 FE 
03 27 84 FD 83 27 C4 FE 23 A0 E7 00 13 00 00 00 
03 24 C1 02 13 01 01 03 67 80 00 00 13 01 01 FD 
23 26 81 02 13 04 01 03 23 2E A4 FC 23 2C B4 FC 
23 2A C4 FC 03 27 C4 FD 93 07 10 00 63 1A F7 00 
B7 87 00 00 93 87 87 01 23 26 F4 FE 6F 00 00 01 
B7 87 00 00 93 87 87 11 23 26 F4 FE 03 27 C4 FD 
93 07 10 00 63 1A F7 00 B7 87 00 00 93 87 C7 01 
23 24 F4 FE 6F 00 00 01 B7 87 00 00 93 87 C7 11 
23 24 F4 FE 03 27 44 FD 83 27 84 FE 23 A0 E7 00 
03 27 84 FD 83 27 C4 FE 23 A0 E7 00 13 00 00 00 
03 24 C1 02 13 01 01 03 67 80 00 00 13 01 01 FD 
23 26 81 02 13 04 01 03 23 2E A4 FC 03 27 C4 FD 
93 07 10 00 63 1A F7 00 B7 87 00 00 93 87 47 02 
23 26 F4 FE 6F 00 00 01 B7 87 00 00 93 87 47 12 
23 26 F4 FE 83 27 C4 FE 83 A7 07 00 93 F7 F7 0F 
13 85 07 00 03 24 C1 02 13 01 01 03 67 80 00 00 
13 01 01 FD 23 26 11 02 23 24 81 02 13 04 01 03 
23 2E A4 FC 23 2C B4 FC 03 27 C4 FD 93 07 10 00 
63 1A F7 00 B7 87 00 00 93 87 87 01 23 24 F4 FE 
6F 00 00 01 B7 87 00 00 93 87 87 11 23 24 F4 FE 
03 25 C4 FD EF F0 9F F6 93 07 05 00 63 84 07 00 
6F F0 1F FF 13 00 00 00 03 27 C4 FD 93 07 10 00 
63 1A F7 00 B7 87 00 00 93 87 07 02 23 26 F4 FE 
6F 00 00 01 B7 87 00 00 93 87 07 12 23 26 F4 FE 
83 27 C4 FE 83 A7 07 00 13 85 07 00 83 20 C1 02 
03 24 81 02 13 01 01 03 67 80 00 00 13 01 01 FD 
23 26 11 02 23 24 81 02 23 22 91 02 13 04 01 03 
B7 17 00 00 93 87 87 94 23 24 F4 FE EF F0 9F 95 
93 07 05 00 63 94 07 00 6F F0 5F FF 13 00 00 00 
EF F0 5F 87 23 22 A4 FE EF F0 DF 93 93 07 05 00 
63 94 07 00 6F F0 5F FF 13 00 00 00 83 27 44 FE 
93 94 87 00 EF F0 1F 85 93 07 05 00 B3 87 F4 00 
23 22 F4 FE EF F0 1F 91 93 07 05 00 63 94 07 00 
6F F0 5F FF 13 00 00 00 83 27 44 FE 93 94 87 00 
EF F0 5F 82 93 07 05 00 B3 87 F4 00 23 22 F4 FE 
EF F0 5F 8E 93 07 05 00 63 94 07 00 6F F0 5F FF 
13 00 00 00 83 27 44 FE 93 94 87 00 EF F0 8F FF 
93 07 05 00 B3 87 F4 00 23 22 F4 FE 83 27 84 FE 
23 26 F4 FE 6F 00 40 0C 83 27 C4 FE 23 20 F4 FE 
EF F0 5F 8A 93 07 05 00 63 94 07 00 6F F0 5F FF 
13 00 00 00 EF F0 0F FC 23 2E A4 FC EF F0 9F 88 
93 07 05 00 63 94 07 00 6F F0 5F FF 13 00 00 00 
83 27 C4 FD 93 94 87 00 EF F0 CF F9 93 07 05 00 
B3 87 F4 00 23 2E F4 FC EF F0 DF 85 93 07 05 00 
63 94 07 00 6F F0 5F FF 13 00 00 00 83 27 C4 FD 
93 94 87 00 EF F0 0F F7 93 07 05 00 B3 87 F4 00 
23 2E F4 FC EF F0 1F 83 93 07 05 00 63 94 07 00 
6F F0 5F FF 13 00 00 00 83 27 C4 FD 93 94 87 00 
EF F0 4F F4 93 07 05 00 B3 87 F4 00 23 2E F4 FC 
83 27 04 FE 03 27 C4 FD 23 A0 E7 00 83 27 C4 FE 
93 87 47 00 23 26 F4 FE 03 27 44 FE 83 27 84 FE 
B3 07 F7 00 03 27 C4 FE E3 D8 E7 F2 6F 00 C0 01 
13 00 00 00 83 20 C1 02 03 24 81 02 83 24 41 02 
13 01 01 03 67 80 00 00 13 01 01 81 23 26 11 7E 
23 24 81 7E 13 04 01 7F 13 01 01 C2 93 07 10 00 
A3 07 F4 FE B7 67 00 00 83 C7 07 00 13 85 07 00 
EF F0 9F 93 EF F0 0F F9 93 07 05 00 63 88 07 00 
EF F0 4F EB 93 07 05 00 A3 07 F4 FE 83 47 F4 FE 
13 07 70 05 63 86 E7 06 13 07 70 05 63 40 F7 02 
13 07 80 03 63 84 E7 04 13 07 60 05 63 84 E7 04 
13 07 00 02 63 88 E7 08 6F 00 40 09 13 07 60 08 
63 8A E7 06 13 07 60 08 63 48 F7 00 13 07 50 08 
63 8A E7 04 6F 00 80 07 13 07 40 0A 63 88 E7 02 
13 07 60 0A 63 8A E7 02 6F 00 40 06 EF F0 1F DA 
6F 00 80 06 13 05 10 00 EF 00 C0 1E 6F 00 C0 05 
13 05 20 00 EF 00 00 1E 6F 00 00 05 13 05 10 00 
EF 00 80 33 6F 00 40 04 13 05 20 00 EF 00 C0 32 
6F 00 80 03 93 05 00 00 13 05 10 00 EF F0 9F B8 
6F 00 80 02 93 05 10 00 13 05 10 00 EF F0 9F B7 
6F 00 80 01 EF 00 00 25 6F 00 00 01 83 47 F4 FE 
13 85 07 00 EF F0 5F 85 6F F0 DF F1 13 01 01 FC 
23 2E 11 02 23 2C 81 02 13 04 01 04 23 26 A4 FC 
B7 17 00 00 03 A7 C7 FF 23 24 E4 FE 93 87 C7 FF 
83 D7 47 00 23 16 F4 FE B7 17 00 00 03 A7 47 00 
23 20 E4 FE 93 87 47 00 83 D7 47 00 23 12 F4 FE 
93 07 80 00 23 0E F4 FC 93 07 60 00 A3 0E F4 FC 
83 27 C4 FC 83 A7 07 00 13 87 07 00 83 47 84 FE 
93 85 07 00 13 05 07 00 EF 00 C0 05 83 27 C4 FC 
83 A7 07 00 13 87 07 00 83 47 04 FE 93 85 07 00 
13 05 07 00 EF 00 00 08 83 27 C4 FC 83 A7 07 00 
13 87 07 00 83 47 C4 FD 93 85 07 00 13 05 07 00 
EF 00 40 0A 93 07 C4 FC 13 85 07 00 EF 00 00 26 
13 00 00 00 83 20 C1 03 03 24 81 03 13 01 01 04 
67 80 00 00 13 01 01 FE 23 2E 11 00 23 2C 81 00 
13 04 01 02 23 26 A4 FE 23 24 B4 FE 93 06 50 00 
13 06 00 00 83 25 84 FE 03 25 C4 FE EF F0 8F DE 
13 00 00 00 83 20 C1 01 03 24 81 01 13 01 01 02 
67 80 00 00 13 01 01 FE 23 2E 11 00 23 2C 81 00 
13 04 01 02 23 26 A4 FE 23 24 B4 FE 93 06 B0 00 
13 06 60 00 83 25 84 FE 03 25 C4 FE EF F0 8F DA 
13 00 00 00 83 20 C1 01 03 24 81 01 13 01 01 02 
67 80 00 00 13 01 01 FE 23 2E 11 00 23 2C 81 00 
13 04 01 02 23 26 A4 FE 23 24 B4 FE 93 06 D0 00 
13 06 C0 00 83 25 84 FE 03 25 C4 FE EF F0 8F D6 
13 00 00 00 83 20 C1 01 03 24 81 01 13 01 01 02 
67 80 00 00 13 01 01 9F 23 26 11 60 23 24 81 60 
13 04 01 61 93 07 05 00 A3 0F F4 9E 83 47 F4 9F 
13 85 07 00 EF F0 DF 95 93 07 05 00 63 8A 07 06 
83 47 F4 9F 13 85 07 00 EF F0 9F 8A 23 24 A4 FE 
93 07 C4 A0 93 85 07 00 13 05 10 00 EF F0 4F F9 
23 26 04 FE 6F 00 C0 03 13 00 00 00 EF F0 8F BC 
93 07 05 00 E3 9C 07 FE 83 27 C4 FE 93 97 27 00 
13 07 04 FF B3 07 F7 00 83 A7 C7 A1 13 85 07 00 
EF F0 CF C3 83 27 C4 FE 93 87 17 00 23 26 F4 FE 
83 27 84 FE 93 D7 27 40 03 27 C4 FE E3 4E F7 FA 
13 00 00 00 83 20 C1 60 03 24 81 60 13 01 01 61 
67 80 00 00 13 01 01 A0 23 2E 11 5E 23 2C 81 5E 
13 04 01 60 13 05 10 00 EF F0 9F 8B 93 07 05 00 
63 8E 07 02 93 07 C4 A0 93 85 07 00 13 05 10 00 
EF F0 0F F0 13 05 10 00 EF F0 8F FF 23 26 A4 FE 
83 27 C4 FE 13 87 47 00 93 07 C4 A0 13 06 07 00 
93 85 07 00 13 05 20 00 EF F0 8F DF 13 05 20 00 
EF F0 1F 87 93 07 05 00 63 8E 07 02 93 07 C4 A0 
93 85 07 00 13 05 20 00 EF F0 8F EB 13 05 20 00 
EF F0 0F FB 23 24 A4 FE 83 27 84 FE 13 87 47 00 
93 07 C4 A0 13 06 07 00 93 85 07 00 13 05 10 00 
EF F0 0F DB 13 00 00 00 83 20 C1 5F 03 24 81 5F 
13 01 01 60 67 80 00 00 13 01 01 FE 23 2E 81 00 
13 04 01 02 93 07 05 00 A3 07 F4 FE 13 00 00 00 
03 24 C1 01 13 01 01 02 67 80 00 00 13 01 01 FE 
23 2E 81 00 13 04 01 02 23 26 A4 FE 83 27 C4 FE 
93 87 87 03 23 A0 07 00 83 27 C4 FE 93 87 C7 03 
13 07 10 00 23 A0 E7 00 83 27 C4 FE 93 87 07 04 
13 07 80 00 23 A0 E7 00 83 27 C4 FE 93 87 47 04 
23 A0 07 00 83 27 C4 FE 93 87 87 04 13 07 60 00 
23 A0 E7 00 83 27 C4 FE 93 87 C7 04 13 07 40 00 
23 A0 E7 00 83 27 C4 FE 93 87 07 05 23 A0 07 00 
83 27 C4 FE 93 87 47 05 13 07 10 00 23 A0 E7 00 
83 27 C4 FE 93 87 87 05 13 07 60 03 23 A0 E7 00 
83 27 C4 FE 93 87 C7 05 13 07 60 03 23 A0 E7 00 
83 27 C4 FE 93 87 07 06 13 07 60 03 23 A0 E7 00 
83 27 C4 FE 93 87 47 06 13 07 60 03 23 A0 E7 00 
83 27 C4 FE 93 87 87 06 13 07 60 03 23 A0 E7 00 
83 27 C4 FE 93 87 C7 06 13 07 60 03 23 A0 E7 00 
83 27 C4 FE 93 87 07 07 13 07 60 03 23 A0 E7 00 
83 27 C4 FE 93 87 47 07 13 07 60 03 23 A0 E7 00 
83 27 C4 FE 93 87 87 07 13 07 60 03 23 A0 E7 00 
83 27 C4 FE 93 87 C7 07 13 07 60 03 23 A0 E7 00 
83 27 C4 FE 93 87 07 08 23 A0 07 00 83 27 C4 FE 
93 87 47 08 23 A0 07 00 83 27 C4 FE 93 87 87 08 
23 A0 07 00 83 27 C4 FE 93 87 C7 08 23 A0 07 00 
83 27 C4 FE 93 87 07 09 23 A0 07 00 83 27 C4 FE 
93 87 47 09 23 A0 07 00 83 27 C4 FE 93 87 87 09 
23 A0 07 00 83 27 C4 FE 93 87 C7 09 13 07 10 00 
23 A0 E7 00 83 27 C4 FE 93 87 07 0A 13 07 00 01 
23 A0 E7 00 83 27 C4 FE 93 87 47 0A 13 07 10 01 
23 A0 E7 00 83 27 C4 FE 93 87 87 0A 23 A0 07 00 
83 27 C4 FE 93 87 C7 0A 23 A0 07 00 83 27 C4 FE 
93 87 07 0B 23 A0 07 00 83 27 C4 FE 93 87 47 0B 
23 A0 07 00 83 27 C4 FE 93 87 87 0B 23 A0 07 00 
83 27 C4 FE 93 87 C7 0B 23 A0 07 00 83 27 C4 FE 
93 87 07 0C 23 A0 07 00 83 27 C4 FE 93 87 47 0C 
23 A0 07 00 83 27 C4 FE 93 87 87 0C 23 A0 07 00 
83 27 C4 FE 93 87 C7 0C 23 A0 07 00 83 27 C4 FE 
93 87 07 0D 23 A0 07 00 83 27 C4 FE 93 87 47 0D 
23 A0 07 00 83 27 C4 FE 93 87 87 0D 23 A0 07 00 
83 27 C4 FE 93 87 C7 0D 23 A0 07 00 83 27 C4 FE 
93 87 07 0E 23 A0 07 00 83 27 C4 FE 93 87 47 0E 
23 A0 07 00 83 27 C4 FE 93 87 87 0E 23 A0 07 00 
83 27 C4 FE 93 87 C7 0E 23 A0 07 00 13 00 00 00 
03 24 C1 01 13 01 01 02 67 80 00 00 
@00000FFC
FF FF FF FF FF FF 00 00 12 34 56 78 AB CD 
@00006000
37 
